timestamp,open,high,low,close,volume
2026-09-29T09:15:00+05:30,1169.0,1169.0,1046.35,1096.05,20
2026-09-29T09:16:00+05:30,1112.0,1112.0,1066.05,1071.9,56
2026-09-29T09:17:00+05:30,1073.75,1093.95,1068.4,1075.45,26
2026-09-29T09:18:00+05:30,1072.7,1072.7,1046.05,1046.05,40
2026-09-29T09:19:00+05:30,1045.1,1052.9,1039.0,1039.0,53
2026-09-29T09:20:00+05:30,1043.5,1043.5,1010.0,1010.0,22
2026-09-29T09:21:00+05:30,1000.0,1000.0,950.0,957.5,46
2026-09-29T09:22:00+05:30,950.15,958.15,924.85,949.5,53
2026-09-29T09:23:00+05:30,967.85,967.85,949.05,960.0,16
2026-09-29T09:24:00+05:30,954.5,955.1,939.05,947.0,22
2026-09-29T09:25:00+05:30,933.85,937.5,925.0,935.8,49
2026-09-29T09:26:00+05:30,927.1,935.15,900.0,900.0,64
2026-09-29T09:27:00+05:30,900.0,900.0,883.85,888.1,173
2026-09-29T09:28:00+05:30,894.25,894.25,885.0,887.75,22
2026-09-29T09:29:00+05:30,878.25,887.65,878.25,878.25,15
2026-09-29T09:30:00+05:30,880.15,901.0,880.15,900.0,9
2026-09-29T09:31:00+05:30,895.4,895.4,890.0,892.2,16
2026-09-29T09:32:00+05:30,890.0,890.0,875.0,877.3,15
2026-09-29T09:33:00+05:30,871.7,875.0,864.65,874.75,14
2026-09-29T09:34:00+05:30,874.7,875.0,873.85,873.85,9
2026-09-29T09:35:00+05:30,880.1,880.1,867.7,867.7,18
2026-09-29T09:36:00+05:30,867.5,867.5,853.85,853.85,25
2026-09-29T09:37:00+05:30,855.55,859.45,854.25,858.8,9
2026-09-29T09:38:00+05:30,858.4,859.6,852.7,859.6,13
2026-09-29T09:39:00+05:30,857.0,858.15,850.0,850.0,8
2026-09-29T09:40:00+05:30,845.85,857.3,845.3,857.3,3
2026-09-29T09:41:00+05:30,871.0,871.0,871.0,871.0,1
2026-09-29T09:42:00+05:30,877.0,879.6,877.0,877.95,10
2026-09-29T09:43:00+05:30,877.4,877.4,861.8,861.8,10
2026-09-29T09:44:00+05:30,873.95,873.95,870.15,870.15,3
2026-09-29T09:45:00+05:30,872.7,872.7,849.7,849.7,6
2026-09-29T09:46:00+05:30,861.9,866.7,857.75,866.7,8
2026-09-29T09:47:00+05:30,871.9,878.15,869.3,875.2,5
2026-09-29T09:48:00+05:30,870.0,874.5,863.85,863.85,6
2026-09-29T09:49:00+05:30,859.55,864.0,859.55,864.0,2
2026-09-29T09:50:00+05:30,866.1,866.1,866.1,866.1,7
2026-09-29T09:51:00+05:30,866.2,866.2,866.2,866.2,1
2026-09-29T09:52:00+05:30,870.1,900.0,868.65,871.6,30
2026-09-29T09:53:00+05:30,876.8,876.8,872.35,872.35,6
2026-09-29T09:54:00+05:30,871.8,886.75,868.35,886.75,9
2026-09-29T09:55:00+05:30,900.0,902.15,899.9,899.9,15
2026-09-29T09:56:00+05:30,898.6,903.35,884.45,884.45,32
2026-09-29T09:57:00+05:30,885.0,886.05,882.6,882.6,4
2026-09-29T09:58:00+05:30,885.15,885.15,880.0,880.0,2
2026-09-29T09:59:00+05:30,877.0,877.0,872.8,872.8,5
2026-09-29T10:00:00+05:30,872.8,876.2,870.75,876.2,3
2026-09-29T10:01:00+05:30,869.45,875.75,865.6,873.25,29
2026-09-29T10:02:00+05:30,867.8,868.65,862.35,865.6,4
2026-09-29T10:04:00+05:30,873.6,873.6,872.35,872.35,3
2026-09-29T10:06:00+05:30,863.65,863.65,862.0,862.0,2
2026-09-29T10:07:00+05:30,864.45,864.45,861.85,861.85,2
2026-09-29T10:08:00+05:30,861.85,861.85,861.85,861.85,1
2026-09-29T10:09:00+05:30,869.3,869.35,869.3,869.35,2
2026-09-29T10:10:00+05:30,874.35,874.35,874.35,874.35,1
2026-09-29T10:11:00+05:30,858.85,858.85,858.85,858.85,1
2026-09-29T10:12:00+05:30,858.85,858.85,858.85,858.85,1
2026-09-29T10:13:00+05:30,856.0,856.0,856.0,856.0,4
2026-09-29T10:14:00+05:30,856.0,856.0,856.0,856.0,3
2026-09-29T10:15:00+05:30,857.0,869.1,854.65,869.1,32
2026-09-29T10:16:00+05:30,864.05,865.65,864.05,865.65,5
2026-09-29T10:17:00+05:30,867.4,867.4,867.4,867.4,1
2026-09-29T10:18:00+05:30,863.9,869.7,863.9,869.7,7
2026-09-29T10:20:00+05:30,857.1,857.1,857.1,857.1,1
2026-09-29T10:21:00+05:30,849.3,853.5,849.3,849.7,14
2026-09-29T10:22:00+05:30,853.3,857.4,849.75,849.75,10
2026-09-29T10:23:00+05:30,853.15,862.4,852.85,857.45,15
2026-09-29T10:24:00+05:30,862.75,866.3,862.75,866.0,6
2026-09-29T10:25:00+05:30,867.55,869.9,866.8,869.9,10
2026-09-29T10:26:00+05:30,872.7,893.2,872.7,887.0,44
2026-09-29T10:27:00+05:30,894.0,895.45,888.0,892.45,4
2026-09-29T10:28:00+05:30,890.9,894.9,889.6,889.6,17
2026-09-29T10:29:00+05:30,896.85,903.65,894.95,903.65,8
2026-09-29T10:30:00+05:30,898.85,898.85,896.65,896.65,12
2026-09-29T10:31:00+05:30,897.2,897.3,886.45,886.45,8
2026-09-29T10:32:00+05:30,885.7,887.2,877.1,877.9,9
2026-09-29T10:33:00+05:30,884.1,884.15,877.0,877.9,4
2026-09-29T10:34:00+05:30,880.0,885.4,880.0,885.4,2
2026-09-29T10:35:00+05:30,900.0,900.0,900.0,900.0,1
2026-09-29T10:36:00+05:30,900.65,900.65,892.5,892.5,11
2026-09-29T10:37:00+05:30,890.0,892.45,890.0,890.4,7
2026-09-29T10:38:00+05:30,891.35,899.3,891.25,899.3,11
2026-09-29T10:39:00+05:30,905.25,905.25,901.1,901.4,13
2026-09-29T10:40:00+05:30,900.75,904.2,899.9,900.0,34
2026-09-29T10:41:00+05:30,900.45,905.0,900.05,904.4,9
2026-09-29T10:42:00+05:30,905.0,907.2,905.0,906.45,15
2026-09-29T10:43:00+05:30,910.3,933.7,910.3,918.95,22
2026-09-29T10:44:00+05:30,930.3,930.55,926.5,928.25,10
2026-09-29T10:45:00+05:30,926.15,926.15,922.4,922.55,7
2026-09-29T10:46:00+05:30,922.55,922.55,909.25,913.85,16
2026-09-29T10:47:00+05:30,914.5,914.5,902.45,902.45,9
2026-09-29T10:48:00+05:30,901.0,903.7,899.85,899.85,7
2026-09-29T10:49:00+05:30,898.8,905.45,898.8,905.45,6
2026-09-29T10:50:00+05:30,895.75,898.3,893.6,898.3,25
2026-09-29T10:51:00+05:30,904.85,907.5,904.85,906.6,4
2026-09-29T10:52:00+05:30,905.0,914.95,903.2,914.1,10
2026-09-29T10:54:00+05:30,924.6,925.0,923.95,925.0,5
2026-09-29T10:55:00+05:30,925.0,934.5,925.0,929.85,30
2026-09-29T10:56:00+05:30,935.8,937.5,935.05,936.0,10
2026-09-29T10:57:00+05:30,941.2,943.0,936.85,943.0,10
2026-09-29T10:58:00+05:30,944.0,957.7,944.0,949.55,35
2026-09-29T10:59:00+05:30,946.8,948.0,940.75,940.75,10
2026-09-29T11:00:00+05:30,946.05,949.55,938.55,940.5,34
2026-09-29T11:01:00+05:30,941.05,942.5,935.0,936.7,9
2026-09-29T11:02:00+05:30,930.9,930.95,925.6,925.65,5
2026-09-29T11:03:00+05:30,928.7,935.6,928.7,935.6,6
2026-09-29T11:04:00+05:30,925.1,934.05,925.1,934.05,8
2026-09-29T11:05:00+05:30,929.15,929.25,929.15,929.25,2
2026-09-29T11:06:00+05:30,927.3,933.35,927.3,932.6,5
2026-09-29T11:07:00+05:30,941.25,952.05,941.1,945.55,31
2026-09-29T11:08:00+05:30,938.6,938.6,930.5,930.5,5
2026-09-29T11:09:00+05:30,934.9,952.2,934.85,947.9,11
2026-09-29T11:10:00+05:30,955.05,984.45,955.05,976.6,53
2026-09-29T11:11:00+05:30,976.85,991.65,976.85,986.5,23
2026-09-29T11:12:00+05:30,988.85,1024.55,988.85,1024.0,31
2026-09-29T11:13:00+05:30,1014.3,1034.8,1013.55,1027.8,13
2026-09-29T11:14:00+05:30,1037.45,1056.1,1029.0,1040.0,47
2026-09-29T11:15:00+05:30,1040.3,1052.0,1040.3,1047.3,14
2026-09-29T11:16:00+05:30,1048.1,1048.9,925.15,1023.3,12
2026-09-29T11:17:00+05:30,1031.65,1032.7,1014.45,1016.05,19
2026-09-29T11:18:00+05:30,1010.45,1014.0,1003.25,1014.0,9
2026-09-29T11:19:00+05:30,1017.0,1031.8,1017.0,1031.8,7
2026-09-29T11:20:00+05:30,1025.0,1041.1,1025.0,1041.1,2
2026-09-29T11:21:00+05:30,1037.85,1038.85,1030.0,1035.0,15
2026-09-29T11:22:00+05:30,1034.9,1034.9,1030.3,1034.85,5
2026-09-29T11:23:00+05:30,1031.25,1035.0,1031.25,1035.0,2
2026-09-29T11:24:00+05:30,1023.75,1023.75,1020.0,1021.9,3
2026-09-29T11:25:00+05:30,1020.6,1025.65,1020.6,1024.0,4
2026-09-29T11:26:00+05:30,1024.0,1039.1,1020.7,1020.7,29
2026-09-29T11:27:00+05:30,1020.0,1029.0,1020.0,1029.0,5
2026-09-29T11:28:00+05:30,1033.15,1048.5,1031.25,1044.0,6
2026-09-29T11:29:00+05:30,1051.95,1055.15,1048.0,1055.15,10
2026-09-29T11:30:00+05:30,1056.0,1085.55,1056.0,1077.9,41
2026-09-29T11:31:00+05:30,1088.0,1093.4,1087.35,1090.45,4
2026-09-29T11:32:00+05:30,1088.95,1088.95,1084.25,1084.25,2
2026-09-29T11:33:00+05:30,1095.0,1115.05,1095.0,1112.7,58
2026-09-29T11:34:00+05:30,1112.7,1117.0,1104.75,1104.9,23
2026-09-29T11:35:00+05:30,1103.05,1109.5,1092.8,1097.0,44
2026-09-29T11:36:00+05:30,1095.0,1102.6,1095.0,1101.35,18
2026-09-29T11:37:00+05:30,1095.0,1105.2,1083.5,1089.55,34
2026-09-29T11:38:00+05:30,1090.0,1090.45,1070.85,1090.45,48
2026-09-29T11:40:00+05:30,1111.0,1122.0,1111.0,1114.25,13
2026-09-29T11:41:00+05:30,1113.85,1113.85,1113.85,1113.85,1
2026-09-29T11:42:00+05:30,1114.0,1119.2,1111.0,1111.0,14
2026-09-29T11:43:00+05:30,1112.4,1115.0,1105.15,1109.0,41
2026-09-29T11:44:00+05:30,1104.25,1116.85,1100.5,1116.85,6
2026-09-29T11:45:00+05:30,1124.15,1131.0,1121.0,1121.0,13
2026-09-29T11:46:00+05:30,1115.1,1116.0,1115.1,1116.0,6
2026-09-29T11:47:00+05:30,1110.0,1110.0,1097.0,1097.0,11
2026-09-29T11:48:00+05:30,1108.75,1108.75,1108.75,1108.75,1
2026-09-29T11:49:00+05:30,1110.0,1113.1,1108.75,1113.1,7
2026-09-29T11:50:00+05:30,1108.75,1112.5,1101.0,1101.0,5
2026-09-29T11:51:00+05:30,1112.95,1112.95,1112.2,1112.2,3
2026-09-29T11:52:00+05:30,1119.4,1119.4,1119.4,1119.4,1
2026-09-29T11:53:00+05:30,1133.3,1134.05,1123.0,1123.0,4
2026-09-29T11:55:00+05:30,1125.7,1139.4,1125.7,1139.4,9
2026-09-29T11:56:00+05:30,1143.4,1143.4,1135.25,1137.35,5
2026-09-29T11:57:00+05:30,1143.0,1146.0,1141.25,1141.3,8
2026-09-29T11:58:00+05:30,1135.0,1145.85,1135.0,1142.0,51
2026-09-29T11:59:00+05:30,1139.3,1139.3,1135.0,1135.0,3
2026-09-29T12:00:00+05:30,1141.0,1141.45,1140.15,1141.4,16
2026-09-29T12:01:00+05:30,1143.3,1168.55,1143.3,1167.3,69
2026-09-29T12:02:00+05:30,1160.0,1160.0,1140.0,1157.9,283
2026-09-29T12:03:00+05:30,1162.9,1167.55,1153.8,1167.55,32
2026-09-29T12:04:00+05:30,1170.15,1172.75,1170.15,1172.75,15
2026-09-29T12:05:00+05:30,1175.95,1186.35,1171.35,1175.35,50
2026-09-29T12:06:00+05:30,1175.35,1177.15,1175.0,1176.45,28
2026-09-29T12:07:00+05:30,1171.3,1176.45,1169.65,1171.45,12
2026-09-29T12:08:00+05:30,1176.4,1176.4,1170.0,1174.9,11
2026-09-29T12:09:00+05:30,1174.9,1174.9,1168.1,1168.9,22
2026-09-29T12:10:00+05:30,1164.0,1164.3,1160.0,1162.45,6
2026-09-29T12:11:00+05:30,1160.45,1160.45,1160.45,1160.45,1
2026-09-29T12:12:00+05:30,1150.0,1154.15,1133.35,1149.95,64
2026-09-29T12:13:00+05:30,1150.5,1162.45,1150.4,1160.0,13
2026-09-29T12:14:00+05:30,1165.8,1167.2,1156.25,1164.75,8
2026-09-29T12:15:00+05:30,1166.0,1172.6,1161.85,1169.15,108
2026-09-29T12:16:00+05:30,1169.95,1183.75,1169.95,1182.9,77
2026-09-29T12:17:00+05:30,1173.55,1173.55,1165.0,1170.2,31
2026-09-29T12:18:00+05:30,1170.0,1174.7,1167.4,1174.7,14
2026-09-29T12:19:00+05:30,1154.3,1154.3,1154.3,1154.3,4
2026-09-29T12:20:00+05:30,1156.9,1156.9,1129.5,1140.55,18
2026-09-29T12:21:00+05:30,1134.85,1135.45,1134.85,1135.45,2
2026-09-29T12:22:00+05:30,1130.6,1130.6,1122.4,1122.4,2
2026-09-29T12:23:00+05:30,1114.8,1125.95,1114.8,1125.95,22
2026-09-29T12:24:00+05:30,1125.15,1128.8,1118.5,1118.5,27
2026-09-29T12:25:00+05:30,1113.75,1113.75,1108.65,1108.65,5
2026-09-29T12:26:00+05:30,1105.35,1105.35,1092.55,1093.25,7
2026-09-29T12:27:00+05:30,1093.25,1093.25,1068.1,1070.4,29
2026-09-29T12:28:00+05:30,1070.55,1070.55,1048.25,1050.25,13
2026-09-29T12:29:00+05:30,1058.15,1060.85,1054.45,1060.85,6
2026-09-29T12:30:00+05:30,1056.7,1056.7,1026.9,1034.6,12
2026-09-29T12:31:00+05:30,1026.15,1026.15,1015.0,1015.0,8
2026-09-29T12:32:00+05:30,1022.9,1025.6,990.05,997.4,37
2026-09-29T12:33:00+05:30,990.0,990.0,950.05,990.0,13
2026-09-29T12:34:00+05:30,999.95,1020.8,999.95,1002.45,46
2026-09-29T12:35:00+05:30,1010.0,1024.95,1009.4,1020.55,10
2026-09-29T12:36:00+05:30,1018.6,1039.35,1016.15,1039.35,5
2026-09-29T12:37:00+05:30,1041.25,1041.35,1022.85,1024.65,12
2026-09-29T12:38:00+05:30,1033.0,1033.0,1025.55,1025.55,2
2026-09-29T12:39:00+05:30,1040.85,1054.9,1040.85,1054.9,3
2026-09-29T12:40:00+05:30,1054.1,1070.0,1054.1,1070.0,10
2026-09-29T12:41:00+05:30,1067.35,1092.55,1067.25,1084.45,18
2026-09-29T12:42:00+05:30,1095.0,1095.0,1073.7,1080.0,8
2026-09-29T12:43:00+05:30,1079.45,1079.45,1079.45,1079.45,1
2026-09-29T12:44:00+05:30,1050.0,1051.65,1044.45,1051.65,5
2026-09-29T12:45:00+05:30,1047.95,1059.0,1047.95,1059.0,3
2026-09-29T12:46:00+05:30,1045.6,1045.6,1037.1,1041.3,9
2026-09-29T12:47:00+05:30,1048.25,1063.15,1041.85,1063.15,7
2026-09-29T12:49:00+05:30,1078.0,1078.35,1078.0,1078.35,2
2026-09-29T12:50:00+05:30,1074.2,1074.2,1074.0,1074.0,4
2026-09-29T12:51:00+05:30,1077.15,1077.15,1077.15,1077.15,1
2026-09-29T12:52:00+05:30,1093.95,1093.95,1088.75,1088.75,5
2026-09-29T12:53:00+05:30,1086.15,1100.85,1086.15,1100.85,4
2026-09-29T12:54:00+05:30,1092.45,1092.45,1084.85,1084.85,4
2026-09-29T12:55:00+05:30,1087.05,1100.65,1087.05,1100.65,6
2026-09-29T12:56:00+05:30,1108.45,1116.1,1108.45,1114.0,15
2026-09-29T12:57:00+05:30,1114.4,1150.7,1114.4,1128.65,24
2026-09-29T12:58:00+05:30,1129.75,1136.65,1107.95,1118.4,13
2026-09-29T12:59:00+05:30,1122.8,1126.0,1115.85,1116.4,15
2026-09-29T13:00:00+05:30,1112.05,1121.0,1112.05,1118.15,5
2026-09-29T13:01:00+05:30,1098.1,1098.1,1098.1,1098.1,1
2026-09-29T13:02:00+05:30,1116.0,1116.0,1116.0,1116.0,1
2026-09-29T13:03:00+05:30,1119.15,1136.65,1119.15,1136.15,36
2026-09-29T13:05:00+05:30,1120.85,1123.0,1114.3,1121.05,39
2026-09-29T13:06:00+05:30,1123.9,1123.9,1119.05,1121.0,11
2026-09-29T13:07:00+05:30,1118.55,1123.9,1118.55,1123.75,5
2026-09-29T13:08:00+05:30,1126.7,1131.55,1126.7,1130.25,4
2026-09-29T13:09:00+05:30,1132.6,1161.0,1132.6,1161.0,20
2026-09-29T13:10:00+05:30,1141.95,1141.95,1141.95,1141.95,1
2026-09-29T13:11:00+05:30,1141.3,1141.3,1125.0,1125.0,4
2026-09-29T13:12:00+05:30,1120.0,1130.4,1120.0,1130.4,7
2026-09-29T13:14:00+05:30,1125.9,1125.9,1114.15,1116.15,9
2026-09-29T13:15:00+05:30,1121.35,1123.9,1100.35,1100.35,8
2026-09-29T13:16:00+05:30,1100.35,1100.35,1097.9,1097.9,3
2026-09-29T13:17:00+05:30,1119.8,1119.8,1115.95,1115.95,5
2026-09-29T13:18:00+05:30,1121.0,1126.05,1121.0,1125.85,8
2026-09-29T13:19:00+05:30,1113.65,1113.65,1096.25,1096.25,18
2026-09-29T13:20:00+05:30,1100.45,1100.45,1086.35,1086.35,11
2026-09-29T13:21:00+05:30,1091.75,1091.75,1088.0,1088.0,4
2026-09-29T13:22:00+05:30,1087.6,1089.65,1084.75,1087.4,12
2026-09-29T13:23:00+05:30,1084.85,1085.85,1080.0,1080.0,7
2026-09-29T13:24:00+05:30,1083.75,1083.75,1077.0,1077.0,2
2026-09-29T13:25:00+05:30,1081.1,1102.85,1081.1,1099.9,8
2026-09-29T13:26:00+05:30,1100.15,1100.8,1087.6,1087.6,6
2026-09-29T13:28:00+05:30,1071.0,1092.0,1070.0,1090.6,35
2026-09-29T13:29:00+05:30,1084.7,1084.75,1073.45,1079.0,11
2026-09-29T13:30:00+05:30,1078.95,1082.2,1078.85,1082.2,17
2026-09-29T13:31:00+05:30,1085.8,1085.95,1085.8,1085.95,2
2026-09-29T13:32:00+05:30,1085.35,1098.7,1085.35,1098.7,4
2026-09-29T13:33:00+05:30,1080.0,1087.55,1080.0,1087.55,7
2026-09-29T13:35:00+05:30,1078.0,1091.15,1072.3,1073.3,24
2026-09-29T13:36:00+05:30,1067.55,1067.55,1061.9,1061.9,13
2026-09-29T13:37:00+05:30,1056.2,1058.95,1055.35,1058.95,13
2026-09-29T13:38:00+05:30,1055.6,1055.6,1055.6,1055.6,5
2026-09-29T13:39:00+05:30,1055.6,1055.6,1044.75,1044.75,7
2026-09-29T13:41:00+05:30,1058.8,1058.8,1053.15,1053.15,2
2026-09-29T13:42:00+05:30,1061.35,1061.6,1061.35,1061.6,5
2026-09-29T13:43:00+05:30,1057.0,1070.45,1054.0,1070.45,9
2026-09-29T13:44:00+05:30,1069.95,1077.1,1069.15,1077.05,7
2026-09-29T13:45:00+05:30,1089.15,1100.0,1089.15,1100.0,4
2026-09-29T13:46:00+05:30,1099.7,1099.7,1096.0,1099.7,3
2026-09-29T13:47:00+05:30,1112.1,1112.1,1112.1,1112.1,1
2026-09-29T13:48:00+05:30,1113.8,1114.1,1109.15,1109.35,9
2026-09-29T13:49:00+05:30,1106.95,1106.95,1106.95,1106.95,1
2026-09-29T13:50:00+05:30,1120.0,1120.0,1120.0,1120.0,5
2026-09-29T13:51:00+05:30,1129.95,1134.65,1129.3,1129.3,7
2026-09-29T13:52:00+05:30,1137.85,1138.45,1130.25,1131.5,8
2026-09-29T13:53:00+05:30,1137.0,1137.0,1132.3,1132.3,7
2026-09-29T13:54:00+05:30,1131.5,1131.5,1121.15,1121.15,15
2026-09-29T13:55:00+05:30,1121.15,1121.15,1120.3,1120.3,2
2026-09-29T13:56:00+05:30,1139.25,1139.25,1139.25,1139.25,1
2026-09-29T13:57:00+05:30,1137.8,1143.75,1132.85,1132.85,3
2026-09-29T13:58:00+05:30,1139.9,1139.9,1139.9,1139.9,1
2026-09-29T13:59:00+05:30,1133.15,1138.65,1133.15,1138.65,3
2026-09-29T14:00:00+05:30,1138.65,1138.65,1121.1,1121.1,2
2026-09-29T14:01:00+05:30,1120.0,1130.2,1114.55,1130.2,6
2026-09-29T14:02:00+05:30,1130.2,1130.2,1124.25,1124.25,4
2026-09-29T14:03:00+05:30,1114.05,1114.05,1111.6,1111.6,2
2026-09-29T14:04:00+05:30,1104.15,1104.15,1104.15,1104.15,2
2026-09-29T14:05:00+05:30,1123.1,1134.75,1120.65,1122.75,23
2026-09-29T14:06:00+05:30,1128.2,1132.4,1121.8,1131.55,13
2026-09-29T14:07:00+05:30,1131.0,1131.0,1107.9,1117.75,7
2026-09-29T14:09:00+05:30,1143.75,1143.75,1143.75,1143.75,1
2026-09-29T14:10:00+05:30,1142.0,1151.0,1137.55,1137.55,43
2026-09-29T14:11:00+05:30,1148.75,1149.05,1142.85,1142.85,9
2026-09-29T14:12:00+05:30,1139.35,1139.35,1118.9,1118.9,5
2026-09-29T14:13:00+05:30,1130.6,1138.0,1130.6,1137.3,3
2026-09-29T14:14:00+05:30,1140.95,1141.0,1135.2,1141.0,10
2026-09-29T14:15:00+05:30,1117.35,1129.05,1116.0,1129.05,8
2026-09-29T14:16:00+05:30,1131.5,1134.85,1131.5,1134.85,3
2026-09-29T14:17:00+05:30,1126.8,1126.8,1126.8,1126.8,1
2026-09-29T14:18:00+05:30,1128.95,1131.95,1128.95,1131.95,9
2026-09-29T14:19:00+05:30,1120.15,1120.15,1114.35,1114.35,2
2026-09-29T14:20:00+05:30,1114.35,1114.35,1114.35,1114.35,3
2026-09-29T14:23:00+05:30,1100.0,1105.0,1094.65,1104.4,5
2026-09-29T14:24:00+05:30,1116.05,1116.05,1116.05,1116.05,1
2026-09-29T14:25:00+05:30,1114.6,1117.85,1114.6,1117.85,2
2026-09-29T14:26:00+05:30,1134.05,1134.05,1134.05,1134.05,2
2026-09-29T14:27:00+05:30,1132.5,1132.5,1119.7,1119.7,2
2026-09-29T14:28:00+05:30,1117.6,1117.6,1099.95,1099.95,2
2026-09-29T14:30:00+05:30,1132.25,1150.0,1126.35,1150.0,45
2026-09-29T14:31:00+05:30,1149.1,1165.5,1149.1,1163.55,30
2026-09-29T14:32:00+05:30,1163.55,1166.45,1158.15,1162.2,9
2026-09-29T14:33:00+05:30,1150.0,1150.0,1138.9,1138.9,3
2026-09-29T14:34:00+05:30,1125.75,1139.95,1125.75,1139.95,7
2026-09-29T14:35:00+05:30,1140.8,1166.45,1139.0,1166.45,16
2026-09-29T14:36:00+05:30,1160.9,1161.0,1155.0,1161.0,7
2026-09-29T14:37:00+05:30,1156.95,1158.0,1156.95,1158.0,2
2026-09-29T14:38:00+05:30,1158.0,1158.0,1158.0,1158.0,3
2026-09-29T14:39:00+05:30,1158.15,1158.15,1158.15,1158.15,1
2026-09-29T14:40:00+05:30,1155.85,1162.0,1154.05,1162.0,12
2026-09-29T14:41:00+05:30,1161.6,1161.6,1158.75,1158.75,3
2026-09-29T14:42:00+05:30,1162.85,1162.85,1150.0,1150.0,3
2026-09-29T14:43:00+05:30,1154.75,1154.75,1154.75,1154.75,1
2026-09-29T14:44:00+05:30,1150.7,1153.55,1149.55,1153.55,6
2026-09-29T14:45:00+05:30,1141.9,1148.95,1132.9,1146.0,12
2026-09-29T14:46:00+05:30,1143.4,1151.8,1140.95,1144.4,12
2026-09-29T14:47:00+05:30,1148.1,1148.1,1142.6,1142.6,2
2026-09-29T14:49:00+05:30,1155.0,1158.65,1155.0,1158.65,2
2026-09-29T14:50:00+05:30,1150.95,1159.8,1150.95,1153.35,8
2026-09-29T14:51:00+05:30,1159.9,1163.55,1156.0,1163.55,18
2026-09-29T14:52:00+05:30,1158.0,1163.6,1158.0,1163.6,8
2026-09-29T14:53:00+05:30,1161.4,1164.75,1161.4,1164.75,3
2026-09-29T14:54:00+05:30,1158.15,1163.95,1158.15,1161.6,4
2026-09-29T14:55:00+05:30,1163.5,1172.8,1161.65,1172.8,26
2026-09-29T14:56:00+05:30,1172.8,1177.8,1172.7,1172.7,7
2026-09-29T14:57:00+05:30,1168.45,1169.8,1165.0,1169.8,5
2026-09-29T14:58:00+05:30,1166.5,1168.4,1155.0,1155.0,15
2026-09-29T14:59:00+05:30,1153.95,1161.15,1145.85,1145.85,13
2026-09-29T15:01:00+05:30,1155.0,1155.0,1145.85,1145.85,2
2026-09-29T15:02:00+05:30,1142.9,1142.9,1132.0,1132.0,29
2026-09-29T15:03:00+05:30,1135.0,1135.0,1135.0,1135.0,1
2026-09-29T15:04:00+05:30,1132.15,1132.4,1130.0,1131.8,9
2026-09-29T15:06:00+05:30,1141.4,1161.0,1141.4,1158.45,35
2026-09-29T15:07:00+05:30,1157.3,1163.65,1156.9,1157.8,31
2026-09-29T15:08:00+05:30,1160.3,1160.3,1155.85,1155.85,6
2026-09-29T15:09:00+05:30,1154.1,1155.85,1147.2,1155.85,58
2026-09-29T15:10:00+05:30,1155.85,1169.05,1154.1,1169.05,25
2026-09-29T15:11:00+05:30,1169.1,1177.0,1165.3,1176.9,33
2026-09-29T15:12:00+05:30,1176.75,1176.9,1171.0,1173.8,30
2026-09-29T15:13:00+05:30,1173.8,1177.0,1171.05,1172.3,16
2026-09-29T15:14:00+05:30,1171.05,1177.0,1167.8,1176.05,15
2026-09-29T15:15:00+05:30,1176.1,1185.0,1168.25,1182.05,242
2026-09-29T15:16:00+05:30,1186.65,1188.7,1172.7,1184.75,34
2026-09-29T15:17:00+05:30,1187.85,1192.75,1185.35,1192.55,28
2026-09-29T15:18:00+05:30,1192.95,1193.3,1186.3,1192.7,16
2026-09-29T15:19:00+05:30,1194.85,1195.0,1189.4,1190.15,13
2026-09-29T15:20:00+05:30,1195.0,1195.0,1187.7,1192.0,25
2026-09-29T15:21:00+05:30,1188.0,1188.0,1182.8,1182.85,18
2026-09-29T15:22:00+05:30,1180.25,1182.85,1179.75,1182.85,17
2026-09-29T15:23:00+05:30,1182.85,1182.85,1176.95,1177.45,9
2026-09-29T15:24:00+05:30,1182.0,1186.7,1182.0,1186.7,7
2026-09-29T15:25:00+05:30,1186.0,1190.0,1182.0,1185.0,14
2026-09-29T15:26:00+05:30,1189.75,1189.75,1182.0,1185.8,10
2026-09-29T15:27:00+05:30,1184.6,1184.6,1177.55,1181.65,16
2026-09-29T15:28:00+05:30,1185.6,1188.0,1179.6,1179.6,37
2026-09-29T15:29:00+05:30,1185.65,1185.65,1177.05,1177.05,8
2026-09-29T15:30:00+05:30,1171.15,1190.45,1171.05,1190.45,31
2026-09-29T15:31:00+05:30,1183.5,1184.35,1155.0,1160.0,23
2026-09-29T15:32:00+05:30,1164.15,1164.15,1152.45,1157.8,10
2026-09-29T15:33:00+05:30,1158.6,1163.55,1158.6,1163.55,4
2026-09-29T15:34:00+05:30,1164.6,1175.6,1164.6,1175.6,3
2026-09-29T15:35:00+05:30,1176.3,1194.7,1176.3,1185.35,6
2026-09-29T15:36:00+05:30,1181.45,1195.0,1181.45,1192.45,25
2026-09-29T15:37:00+05:30,1186.6,1191.25,1186.0,1188.5,9
2026-09-29T15:38:00+05:30,1182.95,1182.95,1181.55,1181.55,3
2026-09-29T15:39:00+05:30,1187.0,1194.3,1170.2,1170.3,20
2026-09-30T09:15:00+05:30,1177.8,1263.9,1148.3,1222.0,329
2026-09-30T09:16:00+05:30,1216.85,1221.85,1188.4,1205.3,611
2026-09-30T09:17:00+05:30,1204.1,1214.75,1160.75,1179.85,529
2026-09-30T09:18:00+05:30,1183.6,1188.45,1157.0,1181.05,413
2026-09-30T09:19:00+05:30,1180.45,1203.75,1176.05,1181.9,475
2026-09-30T09:20:00+05:30,1187.55,1237.8,1187.55,1230.65,944
2026-09-30T09:21:00+05:30,1226.85,1242.95,1211.0,1239.4,252
2026-09-30T09:22:00+05:30,1232.3,1234.95,1205.35,1205.85,161
2026-09-30T09:23:00+05:30,1207.65,1261.85,1207.65,1254.6,325
2026-09-30T09:24:00+05:30,1255.95,1270.0,1239.2,1248.05,345
2026-09-30T09:25:00+05:30,1251.6,1262.0,1213.45,1213.45,144
2026-09-30T09:26:00+05:30,1217.1,1259.2,1213.45,1249.05,104
2026-09-30T09:27:00+05:30,1247.0,1257.6,1239.4,1251.1,116
2026-09-30T09:28:00+05:30,1254.95,1257.95,1247.35,1248.15,57
2026-09-30T09:29:00+05:30,1252.55,1253.05,1238.0,1242.05,60
2026-09-30T09:30:00+05:30,1230.0,1242.45,1202.2,1202.2,387
2026-09-30T09:31:00+05:30,1202.55,1226.95,1202.35,1211.3,85
2026-09-30T09:32:00+05:30,1209.2,1213.85,1203.0,1210.25,31
2026-09-30T09:33:00+05:30,1203.0,1204.55,1180.0,1183.3,175
2026-09-30T09:34:00+05:30,1180.15,1192.85,1170.3,1191.35,120
2026-09-30T09:35:00+05:30,1186.2,1222.0,1186.2,1218.0,185
2026-09-30T09:36:00+05:30,1219.0,1231.1,1200.0,1203.2,134
2026-09-30T09:37:00+05:30,1205.0,1229.05,1199.9,1208.45,77
2026-09-30T09:38:00+05:30,1210.05,1224.3,1204.75,1212.3,46
2026-09-30T09:39:00+05:30,1214.25,1218.9,1201.1,1210.8,61
2026-09-30T09:40:00+05:30,1201.1,1214.0,1193.2,1204.65,72
2026-09-30T09:41:00+05:30,1204.7,1226.4,1203.5,1221.8,85
2026-09-30T09:42:00+05:30,1221.3,1246.8,1221.3,1238.8,127
2026-09-30T09:43:00+05:30,1240.9,1250.0,1231.65,1239.85,68
2026-09-30T09:44:00+05:30,1249.55,1261.3,1240.4,1260.0,125
2026-09-30T09:45:00+05:30,1260.4,1297.7,1253.6,1288.55,516
2026-09-30T09:46:00+05:30,1292.6,1292.6,1270.2,1271.0,118
2026-09-30T09:47:00+05:30,1273.05,1275.0,1235.5,1235.5,74
2026-09-30T09:48:00+05:30,1240.0,1262.8,1235.0,1256.4,63
2026-09-30T09:49:00+05:30,1255.45,1269.8,1240.9,1249.6,25
2026-09-30T09:50:00+05:30,1248.65,1265.0,1247.0,1265.0,34
2026-09-30T09:51:00+05:30,1258.95,1265.8,1253.3,1262.95,31
2026-09-30T09:52:00+05:30,1265.65,1265.65,1230.05,1230.3,33
2026-09-30T09:53:00+05:30,1230.3,1245.8,1222.05,1245.8,29
2026-09-30T09:54:00+05:30,1249.8,1264.95,1246.35,1261.7,32
2026-09-30T09:55:00+05:30,1265.0,1274.65,1260.0,1261.45,54
2026-09-30T09:56:00+05:30,1270.0,1273.35,1265.0,1265.0,47
2026-09-30T09:57:00+05:30,1260.0,1260.0,1250.0,1253.15,26
2026-09-30T09:58:00+05:30,1253.7,1253.7,1253.0,1253.0,2
2026-09-30T09:59:00+05:30,1254.75,1254.95,1244.25,1244.45,18
2026-09-30T10:00:00+05:30,1252.45,1256.45,1245.0,1256.45,9
2026-09-30T10:01:00+05:30,1254.05,1259.55,1240.0,1245.6,25
2026-09-30T10:02:00+05:30,1253.95,1265.0,1253.95,1262.3,52
2026-09-30T10:03:00+05:30,1269.95,1278.25,1264.1,1272.7,100
2026-09-30T10:04:00+05:30,1264.95,1279.95,1264.95,1274.5,40
2026-09-30T10:05:00+05:30,1278.95,1294.35,1272.05,1294.35,92
2026-09-30T10:06:00+05:30,1295.0,1295.75,1284.05,1284.05,60
2026-09-30T10:07:00+05:30,1279.05,1287.85,1276.45,1287.75,28
2026-09-30T10:08:00+05:30,1284.25,1288.35,1268.9,1270.35,31
2026-09-30T10:09:00+05:30,1274.85,1283.45,1273.15,1280.0,26
2026-09-30T10:10:00+05:30,1287.65,1294.05,1280.05,1289.7,75
2026-09-30T10:11:00+05:30,1294.1,1298.0,1279.95,1283.75,46
2026-09-30T10:12:00+05:30,1282.0,1284.8,1282.0,1284.8,2
2026-09-30T10:13:00+05:30,1282.0,1287.55,1278.9,1282.9,11
2026-09-30T10:14:00+05:30,1288.25,1301.1,1284.85,1300.0,121
2026-09-30T10:15:00+05:30,1302.4,1304.85,1285.3,1286.45,73
2026-09-30T10:16:00+05:30,1287.1,1302.6,1286.9,1290.05,15
2026-09-30T10:17:00+05:30,1292.35,1303.0,1291.6,1294.2,23
2026-09-30T10:18:00+05:30,1302.25,1323.65,1302.25,1323.65,72
2026-09-30T10:19:00+05:30,1319.65,1319.75,1300.4,1317.25,82
2026-09-30T10:20:00+05:30,1313.35,1318.2,1299.2,1303.6,17
2026-09-30T10:21:00+05:30,1310.05,1310.05,1294.7,1294.7,21
2026-09-30T10:22:00+05:30,1297.25,1305.0,1288.2,1294.45,33
2026-09-30T10:23:00+05:30,1296.0,1302.8,1296.0,1296.0,4
2026-09-30T10:24:00+05:30,1290.0,1291.65,1278.25,1281.7,38
2026-09-30T10:25:00+05:30,1277.7,1286.9,1276.7,1278.65,24
2026-09-30T10:26:00+05:30,1290.7,1297.35,1289.35,1289.35,7
2026-09-30T10:27:00+05:30,1289.9,1298.0,1277.15,1277.15,27
2026-09-30T10:28:00+05:30,1280.05,1288.55,1280.05,1281.85,7
2026-09-30T10:29:00+05:30,1278.0,1278.0,1264.05,1266.9,50
2026-09-30T10:30:00+05:30,1268.5,1268.5,1241.05,1256.45,58
2026-09-30T10:31:00+05:30,1258.1,1270.4,1258.1,1270.4,21
2026-09-30T10:32:00+05:30,1250.0,1256.65,1243.15,1243.15,15
2026-09-30T10:33:00+05:30,1252.1,1252.1,1225.0,1225.0,23
2026-09-30T10:34:00+05:30,1224.85,1230.45,1199.9,1219.05,71
2026-09-30T10:35:00+05:30,1205.2,1210.35,1194.95,1199.3,16
2026-09-30T10:36:00+05:30,1199.3,1212.05,1199.3,1207.25,30
2026-09-30T10:37:00+05:30,1203.25,1231.2,1203.25,1229.05,24
2026-09-30T10:38:00+05:30,1233.3,1253.4,1233.15,1245.65,55
2026-09-30T10:39:00+05:30,1242.2,1260.1,1240.3,1260.1,17
2026-09-30T10:40:00+05:30,1259.85,1268.3,1255.0,1255.0,11
2026-09-30T10:41:00+05:30,1250.05,1266.8,1250.0,1257.7,21
2026-09-30T10:42:00+05:30,1240.0,1242.95,1236.3,1240.05,18
2026-09-30T10:43:00+05:30,1240.0,1241.35,1228.75,1229.1,14
2026-09-30T10:44:00+05:30,1220.0,1220.0,1213.35,1213.35,13
2026-09-30T10:45:00+05:30,1227.2,1227.2,1227.2,1227.2,1
2026-09-30T10:46:00+05:30,1227.2,1227.2,1220.55,1220.55,15
2026-09-30T10:47:00+05:30,1224.4,1242.75,1224.4,1242.75,6
2026-09-30T10:48:00+05:30,1240.65,1255.0,1240.55,1250.95,16
2026-09-30T10:49:00+05:30,1242.85,1258.25,1241.0,1258.25,19
2026-09-30T10:50:00+05:30,1258.8,1259.9,1253.25,1253.25,19
2026-09-30T10:51:00+05:30,1259.0,1263.0,1259.0,1263.0,5
2026-09-30T10:52:00+05:30,1259.0,1260.0,1244.75,1245.85,7
2026-09-30T10:53:00+05:30,1250.0,1250.0,1245.85,1245.85,3
2026-09-30T10:54:00+05:30,1256.0,1259.4,1252.15,1255.0,11
2026-09-30T10:55:00+05:30,1255.0,1255.0,1246.25,1246.25,7
2026-09-30T10:56:00+05:30,1247.0,1247.0,1232.65,1232.65,4
2026-09-30T10:57:00+05:30,1233.0,1233.0,1233.0,1233.0,5
2026-09-30T10:58:00+05:30,1222.8,1230.85,1222.8,1230.7,5
2026-09-30T10:59:00+05:30,1230.7,1233.4,1227.65,1227.65,12
2026-09-30T11:00:00+05:30,1230.9,1236.45,1230.85,1236.45,9
2026-09-30T11:01:00+05:30,1247.2,1259.0,1240.35,1257.8,19
2026-09-30T11:02:00+05:30,1265.0,1277.85,1261.65,1268.15,22
2026-09-30T11:03:00+05:30,1275.0,1279.0,1274.3,1278.8,16
2026-09-30T11:04:00+05:30,1278.85,1278.85,1269.95,1270.5,9
2026-09-30T11:05:00+05:30,1260.5,1269.55,1260.45,1262.25,17
2026-09-30T11:06:00+05:30,1254.6,1260.85,1254.5,1255.45,10
2026-09-30T11:07:00+05:30,1261.9,1261.9,1250.0,1250.0,11
2026-09-30T11:08:00+05:30,1250.0,1263.6,1250.0,1263.6,2
2026-09-30T11:09:00+05:30,1256.25,1257.75,1249.5,1249.65,14
2026-09-30T11:10:00+05:30,1242.65,1255.0,1241.6,1255.0,7
2026-09-30T11:11:00+05:30,1260.25,1261.2,1249.35,1254.75,21
2026-09-30T11:12:00+05:30,1243.8,1251.5,1243.8,1251.5,2
2026-09-30T11:13:00+05:30,1248.7,1250.85,1248.4,1248.4,4
2026-09-30T11:14:00+05:30,1252.65,1263.55,1252.65,1263.55,22
2026-09-30T11:15:00+05:30,1250.0,1250.0,1236.3,1239.85,13
2026-09-30T11:16:00+05:30,1250.25,1250.3,1250.25,1250.3,4
2026-09-30T11:17:00+05:30,1241.45,1241.45,1235.0,1237.45,25
2026-09-30T11:18:00+05:30,1239.8,1239.8,1238.6,1238.6,2
2026-09-30T11:19:00+05:30,1238.85,1245.0,1238.6,1238.6,14
2026-09-30T11:20:00+05:30,1244.7,1255.4,1244.7,1255.4,13
2026-09-30T11:21:00+05:30,1257.0,1258.4,1250.15,1250.45,30
2026-09-30T11:22:00+05:30,1247.85,1248.5,1247.85,1248.5,3
2026-09-30T11:23:00+05:30,1248.45,1248.5,1240.8,1240.8,3
2026-09-30T11:25:00+05:30,1245.6,1253.6,1245.55,1253.6,4
2026-09-30T11:26:00+05:30,1251.0,1251.0,1251.0,1251.0,1
2026-09-30T11:27:00+05:30,1258.7,1258.7,1258.7,1258.7,1
2026-09-30T11:28:00+05:30,1265.0,1301.0,1265.0,1298.0,41
2026-09-30T11:29:00+05:30,1296.25,1297.45,1264.2,1275.2,60
2026-09-30T11:30:00+05:30,1279.3,1306.05,1269.1,1302.45,69
2026-09-30T11:31:00+05:30,1300.15,1316.8,1287.2,1287.2,51
2026-09-30T11:32:00+05:30,1295.55,1298.8,1291.65,1298.8,8
2026-09-30T11:33:00+05:30,1296.15,1296.15,1287.6,1287.6,3
2026-09-30T11:34:00+05:30,1287.6,1290.0,1287.6,1290.0,3
2026-09-30T11:35:00+05:30,1298.8,1309.75,1298.8,1303.4,15
2026-09-30T11:36:00+05:30,1300.0,1300.0,1291.9,1291.9,6
2026-09-30T11:37:00+05:30,1293.6,1304.5,1293.6,1304.5,6
2026-09-30T11:38:00+05:30,1308.0,1310.95,1294.55,1294.55,44
2026-09-30T11:39:00+05:30,1298.0,1298.0,1277.9,1282.95,27
2026-09-30T11:40:00+05:30,1285.0,1285.0,1277.95,1277.95,4
2026-09-30T11:41:00+05:30,1285.2,1292.9,1285.2,1292.9,7
2026-09-30T11:44:00+05:30,1295.35,1295.35,1295.35,1295.35,2
2026-09-30T11:45:00+05:30,1292.9,1292.9,1286.3,1286.3,8
2026-09-30T11:46:00+05:30,1295.2,1296.0,1292.85,1292.85,9
2026-09-30T11:48:00+05:30,1311.6,1311.85,1305.75,1305.8,10
2026-09-30T11:49:00+05:30,1303.35,1303.35,1295.0,1295.0,8
2026-09-30T11:50:00+05:30,1295.35,1302.3,1295.25,1302.3,4
2026-09-30T11:51:00+05:30,1287.45,1287.45,1287.4,1287.4,2
2026-09-30T11:52:00+05:30,1297.45,1297.55,1292.35,1294.2,8
2026-09-30T11:53:00+05:30,1290.3,1297.55,1288.65,1288.65,7
2026-09-30T11:54:00+05:30,1305.45,1305.45,1288.2,1288.2,8
2026-09-30T11:55:00+05:30,1302.35,1302.35,1297.75,1297.75,2
2026-09-30T11:56:00+05:30,1309.8,1313.35,1307.95,1307.95,10
2026-09-30T11:57:00+05:30,1305.2,1306.7,1305.2,1306.7,3
2026-09-30T11:58:00+05:30,1301.4,1309.1,1301.0,1301.0,10
2026-09-30T11:59:00+05:30,1301.2,1305.85,1297.15,1305.85,12
2026-09-30T12:00:00+05:30,1309.35,1316.15,1309.35,1314.0,6
2026-09-30T12:01:00+05:30,1312.0,1313.85,1309.25,1309.25,14
2026-09-30T12:02:00+05:30,1312.2,1320.15,1312.2,1312.55,14
2026-09-30T12:03:00+05:30,1319.9,1344.8,1319.9,1339.45,56
2026-09-30T12:04:00+05:30,1343.8,1345.2,1332.85,1339.6,39
2026-09-30T12:05:00+05:30,1334.4,1341.15,1320.3,1331.4,21
2026-09-30T12:06:00+05:30,1330.55,1334.95,1328.8,1329.85,10
2026-09-30T12:07:00+05:30,1332.1,1332.1,1324.3,1328.0,5
2026-09-30T12:08:00+05:30,1330.8,1340.0,1330.8,1337.2,8
2026-09-30T12:09:00+05:30,1335.55,1340.0,1328.7,1335.2,7
2026-09-30T12:10:00+05:30,1331.25,1340.0,1331.2,1338.5,7
2026-09-30T12:11:00+05:30,1339.85,1342.05,1316.2,1316.2,29
2026-09-30T12:12:00+05:30,1316.0,1335.05,1316.0,1335.05,8
2026-09-30T12:13:00+05:30,1334.9,1335.0,1332.1,1332.1,3
2026-09-30T12:14:00+05:30,1334.2,1334.2,1331.85,1333.0,4
2026-09-30T12:15:00+05:30,1327.0,1327.0,1322.8,1323.1,8
2026-09-30T12:16:00+05:30,1320.15,1326.15,1313.7,1313.7,7
2026-09-30T12:18:00+05:30,1324.3,1325.95,1313.7,1314.0,30
2026-09-30T12:19:00+05:30,1308.85,1321.05,1308.85,1320.4,8
2026-09-30T12:20:00+05:30,1330.9,1330.9,1330.9,1330.9,1
2026-09-30T12:21:00+05:30,1330.5,1344.0,1330.5,1341.6,4
2026-09-30T12:22:00+05:30,1345.0,1385.0,1345.0,1385.0,52
2026-09-30T12:23:00+05:30,1390.0,1422.0,1390.0,1422.0,70
2026-09-30T12:24:00+05:30,1432.75,1439.75,1395.15,1404.0,74
2026-09-30T12:25:00+05:30,1408.15,1415.0,1400.9,1400.9,24
2026-09-30T12:26:00+05:30,1404.05,1411.85,1404.05,1411.85,12
2026-09-30T12:27:00+05:30,1412.0,1412.0,1404.05,1404.05,2
2026-09-30T12:28:00+05:30,1411.3,1413.5,1405.95,1405.95,12
2026-09-30T12:29:00+05:30,1391.0,1391.0,1384.05,1384.05,3
2026-09-30T12:30:00+05:30,1382.25,1389.0,1382.25,1389.0,3
2026-09-30T12:31:00+05:30,1412.75,1419.0,1408.85,1419.0,6
2026-09-30T12:32:00+05:30,1419.0,1419.0,1419.0,1419.0,1
2026-09-30T12:33:00+05:30,1418.65,1418.65,1415.1,1415.45,7
2026-09-30T12:34:00+05:30,1415.45,1423.7,1412.05,1419.2,32
2026-09-30T12:35:00+05:30,1432.0,1432.0,1419.3,1419.3,3
2026-09-30T12:36:00+05:30,1432.0,1440.0,1422.2,1422.2,29
2026-09-30T12:37:00+05:30,1430.65,1433.0,1426.0,1428.9,16
2026-09-30T12:38:00+05:30,1428.5,1440.0,1428.5,1430.0,9
2026-09-30T12:39:00+05:30,1430.0,1430.0,1428.0,1428.0,3
2026-09-30T12:40:00+05:30,1421.75,1428.35,1419.6,1428.35,8
2026-09-30T12:41:00+05:30,1426.0,1426.0,1408.55,1417.9,5
2026-09-30T12:42:00+05:30,1419.95,1419.95,1408.0,1408.0,3
2026-09-30T12:43:00+05:30,1414.6,1416.85,1400.9,1405.35,12
2026-09-30T12:44:00+05:30,1411.0,1411.0,1411.0,1411.0,1
2026-09-30T12:46:00+05:30,1439.5,1499.0,1438.3,1491.0,119
2026-09-30T12:47:00+05:30,1484.5,1497.05,1484.5,1494.8,5
2026-09-30T12:48:00+05:30,1480.1,1488.0,1479.55,1487.55,12
2026-09-30T12:49:00+05:30,1467.8,1475.05,1467.75,1475.05,5
2026-09-30T12:50:00+05:30,1472.8,1482.25,1456.85,1458.4,15
2026-09-30T12:51:00+05:30,1465.0,1486.8,1465.0,1476.45,17
2026-09-30T12:52:00+05:30,1466.75,1466.85,1466.75,1466.85,4
2026-09-30T12:54:00+05:30,1471.1,1471.25,1471.1,1471.25,5
2026-09-30T12:55:00+05:30,1469.95,1469.95,1465.5,1465.5,6
2026-09-30T12:56:00+05:30,1481.7,1481.7,1481.7,1481.7,1
2026-09-30T12:57:00+05:30,1465.5,1465.5,1462.3,1462.3,2
2026-09-30T12:58:00+05:30,1440.75,1455.35,1440.05,1455.35,8
2026-09-30T13:02:00+05:30,1457.95,1457.95,1457.95,1457.95,1
2026-09-30T13:03:00+05:30,1455.6,1455.6,1455.35,1455.35,2
2026-09-30T13:04:00+05:30,1464.4,1464.4,1464.4,1464.4,1
2026-09-30T13:05:00+05:30,1465.0,1465.0,1462.55,1462.55,3
2026-09-30T13:06:00+05:30,1470.0,1470.0,1462.0,1462.0,6
2026-09-30T13:07:00+05:30,1456.9,1456.9,1456.9,1456.9,1
2026-09-30T13:08:00+05:30,1464.5,1464.5,1464.5,1464.5,1
2026-09-30T13:09:00+05:30,1464.5,1464.5,1464.5,1464.5,1
2026-09-30T13:13:00+05:30,1438.3,1440.5,1438.3,1440.5,9
2026-09-30T13:15:00+05:30,1441.75,1450.0,1441.75,1450.0,2
2026-09-30T13:18:00+05:30,1455.25,1455.25,1455.25,1455.25,1
2026-09-30T13:19:00+05:30,1455.75,1455.75,1450.0,1450.0,3
2026-09-30T13:20:00+05:30,1446.8,1446.8,1446.8,1446.8,1
2026-09-30T13:21:00+05:30,1452.3,1452.3,1452.15,1452.15,2
2026-09-30T13:22:00+05:30,1460.25,1475.0,1460.25,1469.5,8
2026-09-30T13:23:00+05:30,1483.3,1483.3,1470.0,1470.0,2
2026-09-30T13:24:00+05:30,1465.0,1465.0,1460.9,1460.9,2
2026-09-30T13:25:00+05:30,1474.05,1483.2,1474.05,1483.2,2
2026-09-30T13:27:00+05:30,1483.95,1484.0,1483.95,1484.0,2
2026-09-30T13:28:00+05:30,1470.5,1470.5,1463.25,1468.25,8
2026-09-30T13:30:00+05:30,1468.7,1468.7,1465.5,1465.5,2
2026-09-30T13:31:00+05:30,1479.95,1483.85,1479.95,1480.8,4
2026-09-30T13:32:00+05:30,1478.05,1478.05,1469.2,1472.75,7
2026-09-30T13:33:00+05:30,1480.0,1480.0,1480.0,1480.0,1
2026-09-30T13:34:00+05:30,1468.3,1470.4,1468.25,1470.4,4
2026-09-30T13:36:00+05:30,1442.35,1442.35,1442.35,1442.35,1
2026-09-30T13:37:00+05:30,1421.0,1430.1,1412.15,1430.1,12
2026-09-30T13:38:00+05:30,1432.05,1432.05,1432.05,1432.05,1
2026-09-30T13:39:00+05:30,1416.75,1416.75,1394.25,1399.9,7
2026-09-30T13:40:00+05:30,1394.75,1394.75,1391.9,1391.9,2
2026-09-30T13:41:00+05:30,1385.0,1394.0,1380.0,1394.0,3
2026-09-30T13:42:00+05:30,1390.0,1390.0,1390.0,1390.0,1
2026-09-30T13:43:00+05:30,1403.7,1403.7,1380.0,1380.0,3
2026-09-30T13:44:00+05:30,1375.0,1375.0,1364.1,1370.0,22
2026-09-30T13:45:00+05:30,1362.9,1362.9,1362.9,1362.9,1
2026-09-30T13:46:00+05:30,1377.5,1377.5,1374.75,1374.75,2
2026-09-30T13:47:00+05:30,1372.65,1372.65,1372.65,1372.65,1
2026-09-30T13:49:00+05:30,1392.0,1392.0,1392.0,1392.0,1
2026-09-30T13:50:00+05:30,1387.9,1387.9,1387.9,1387.9,1
2026-09-30T13:51:00+05:30,1389.15,1405.6,1389.15,1396.9,6
2026-09-30T13:52:00+05:30,1400.3,1400.3,1396.0,1396.0,2
2026-09-30T13:53:00+05:30,1396.0,1396.0,1386.25,1386.25,2
2026-09-30T13:58:00+05:30,1412.55,1412.55,1412.55,1412.55,1
2026-09-30T14:00:00+05:30,1400.0,1400.0,1392.0,1392.0,2
2026-09-30T14:01:00+05:30,1380.1,1380.1,1380.1,1380.1,1
2026-09-30T14:02:00+05:30,1379.0,1379.0,1378.95,1378.95,2
2026-09-30T14:03:00+05:30,1385.6,1392.0,1385.6,1392.0,9
2026-09-30T14:06:00+05:30,1397.55,1397.55,1388.0,1388.0,2
2026-09-30T14:10:00+05:30,1375.5,1375.5,1369.0,1369.0,4
2026-09-30T14:11:00+05:30,1368.55,1373.1,1368.4,1368.4,22
2026-09-30T14:12:00+05:30,1369.1,1369.1,1347.95,1354.0,11
2026-09-30T14:13:00+05:30,1353.3,1355.75,1344.0,1344.0,9
2026-09-30T14:14:00+05:30,1342.15,1342.6,1330.0,1330.0,9
2026-09-30T14:16:00+05:30,1347.9,1347.9,1347.9,1347.9,1
2026-09-30T14:17:00+05:30,1350.0,1350.0,1347.1,1347.1,4
2026-09-30T14:18:00+05:30,1361.0,1361.0,1361.0,1361.0,1
2026-09-30T14:20:00+05:30,1360.0,1360.0,1350.15,1350.15,4
2026-09-30T14:21:00+05:30,1348.0,1348.0,1338.6,1338.6,2
2026-09-30T14:22:00+05:30,1336.3,1347.75,1336.3,1347.75,7
2026-09-30T14:23:00+05:30,1330.0,1330.0,1320.0,1320.1,5
2026-09-30T14:24:00+05:30,1315.0,1332.2,1306.05,1308.0,16
2026-09-30T14:25:00+05:30,1300.0,1301.65,1288.3,1299.95,8
2026-09-30T14:26:00+05:30,1283.95,1290.6,1273.5,1288.7,41
2026-09-30T14:28:00+05:30,1270.0,1286.15,1270.0,1270.0,9
2026-09-30T14:29:00+05:30,1263.45,1265.15,1263.45,1265.15,2
2026-09-30T14:30:00+05:30,1266.0,1268.0,1240.6,1250.3,7
2026-09-30T14:31:00+05:30,1251.95,1267.75,1243.05,1267.75,19
2026-09-30T14:32:00+05:30,1269.55,1270.0,1260.0,1260.0,6
2026-09-30T14:33:00+05:30,1270.0,1270.0,1270.0,1270.0,4
2026-09-30T14:35:00+05:30,1265.0,1265.0,1261.55,1261.55,2
2026-09-30T14:36:00+05:30,1255.25,1255.25,1255.25,1255.25,1
2026-09-30T14:37:00+05:30,1247.7,1247.7,1227.9,1241.75,23
2026-09-30T14:38:00+05:30,1227.4,1250.0,1227.1,1238.1,17
2026-09-30T14:39:00+05:30,1234.0,1234.0,1208.9,1208.9,86
2026-09-30T14:40:00+05:30,1215.05,1217.2,1208.1,1215.75,9
2026-09-30T14:41:00+05:30,1211.65,1211.65,1206.6,1207.05,7
2026-09-30T14:42:00+05:30,1202.0,1202.0,1198.75,1200.25,10
2026-09-30T14:43:00+05:30,1198.75,1198.75,1185.0,1198.35,21
2026-09-30T14:44:00+05:30,1201.0,1201.0,1201.0,1201.0,2
2026-09-30T14:45:00+05:30,1191.25,1213.7,1191.25,1213.7,14
2026-09-30T14:46:00+05:30,1215.0,1215.0,1202.1,1202.1,6
2026-09-30T14:47:00+05:30,1205.7,1206.3,1205.7,1206.3,2
2026-09-30T14:48:00+05:30,1214.9,1218.0,1213.85,1218.0,8
2026-09-30T14:49:00+05:30,1231.05,1240.05,1220.85,1236.3,19
2026-09-30T14:50:00+05:30,1235.15,1235.15,1214.25,1222.05,178
2026-09-30T14:51:00+05:30,1219.75,1219.75,1215.45,1215.45,3
2026-09-30T14:52:00+05:30,1226.25,1226.25,1216.7,1221.6,9
2026-09-30T14:53:00+05:30,1235.65,1235.65,1235.65,1235.65,1
2026-09-30T14:54:00+05:30,1214.4,1225.6,1214.4,1221.3,4
2026-09-30T14:55:00+05:30,1228.0,1228.0,1228.0,1228.0,1
2026-09-30T14:56:00+05:30,1219.25,1219.3,1211.0,1211.0,8
2026-09-30T14:57:00+05:30,1210.3,1221.45,1210.3,1221.45,9
2026-09-30T14:58:00+05:30,1222.7,1224.2,1216.85,1216.9,11
2026-09-30T14:59:00+05:30,1217.0,1217.0,1217.0,1217.0,3
2026-09-30T15:00:00+05:30,1212.0,1238.75,1205.5,1238.75,16
2026-09-30T15:01:00+05:30,1237.6,1257.0,1236.25,1257.0,20
2026-09-30T15:02:00+05:30,1250.85,1266.0,1250.55,1258.0,23
2026-09-30T15:03:00+05:30,1258.15,1258.15,1239.3,1239.3,13
2026-09-30T15:04:00+05:30,1228.2,1239.15,1228.1,1239.15,7
2026-09-30T15:05:00+05:30,1222.0,1222.0,1222.0,1222.0,1
2026-09-30T15:06:00+05:30,1226.65,1226.65,1226.65,1226.65,1
2026-09-30T15:07:00+05:30,1236.45,1236.45,1233.15,1233.15,2
2026-09-30T15:08:00+05:30,1225.15,1226.6,1214.9,1214.9,58
2026-09-30T15:09:00+05:30,1214.7,1216.05,1208.95,1216.05,23
2026-09-30T15:10:00+05:30,1216.25,1220.3,1201.0,1209.0,87
2026-09-30T15:11:00+05:30,1200.0,1200.0,1197.45,1199.8,10
2026-09-30T15:12:00+05:30,1200.0,1200.0,1190.0,1190.0,5
2026-09-30T15:13:00+05:30,1180.0,1183.15,1170.55,1177.5,61
2026-09-30T15:14:00+05:30,1175.9,1175.9,1165.0,1165.0,8
2026-09-30T15:15:00+05:30,1171.9,1180.5,1171.9,1180.5,5
2026-09-30T15:16:00+05:30,1181.85,1181.85,1181.85,1181.85,2
2026-09-30T15:17:00+05:30,1190.0,1209.7,1190.0,1209.7,18
2026-09-30T15:18:00+05:30,1199.4,1199.4,1193.5,1193.55,3
2026-09-30T15:19:00+05:30,1194.35,1200.0,1193.75,1200.0,8
2026-09-30T15:20:00+05:30,1201.65,1201.65,1190.0,1190.0,9
2026-09-30T15:21:00+05:30,1190.35,1190.35,1190.35,1190.35,1
2026-09-30T15:22:00+05:30,1190.0,1190.0,1190.0,1190.0,1
2026-09-30T15:24:00+05:30,1197.35,1205.0,1197.35,1205.0,3
2026-09-30T15:25:00+05:30,1208.7,1208.7,1197.95,1197.95,7
2026-09-30T15:26:00+05:30,1196.45,1200.7,1196.45,1200.55,17
2026-09-30T15:27:00+05:30,1201.35,1201.35,1200.05,1200.05,2
2026-09-30T15:28:00+05:30,1194.05,1194.05,1184.05,1184.85,10
2026-09-30T15:29:00+05:30,1190.0,1190.0,1185.0,1185.0,2
2026-09-30T15:30:00+05:30,1186.85,1186.85,1186.85,1186.85,1
